7.931696131999996
7.972579890000006
7.934408968000001
7.932460483999999
7.945556921999999
7.924894728000006
7.8922574940000025
7.851599222000001
7.943066563999995
7.9410792000000034
7.9633578359999975
7.9586389200000065
7.9633578359999975
7.9586389200000065
7.972579890000006
7.9586389200000065
7.972579890000006
7.946872992
7.9633578359999975
7.9586389200000065
7.972579890000006
7.9586389200000065
7.972579890000006
7.946872992
7.972579890000006
7.946872992
7.902368998000007
7.9586389200000065
7.956211973999996
7.946872992
7.956211973999996
7.946872992
7.902368998000007
7.946872992
7.902368998000007
7.890794021999996
7.966084319999998
7.966510120000001
7.965324635999998
7.966510120000001
7.965324635999998
7.972579890000006
7.965324635999998
7.972579890000006
7.950638258000003
7.966510120000001
7.965324635999998
7.972579890000006
7.965324635999998
7.972579890000006
7.950638258000003
7.972579890000006
7.950638258000003
7.944337561999995
7.965324697999998
7.972579890000006
7.950638258000003
7.972579890000006
7.950638258000003
7.944337561999995
7.950638258000003
7.944337561999995
7.941939947999999
7.972579890000006
7.972579890000006
7.972579890000006
7.972579890000006
7.972579890000006
7.972579890000006
7.972579890000006
7.972579890000006
7.972579890000006
7.972579890000006
7.972579890000006
7.972579890000006
7.972579890000006
7.972579890000006
7.972579890000006
7.972579890000006
7.972579890000006
7.972358184000001
7.972579890000006
7.972579890000006
7.972579890000006
7.972579890000006
7.972579890000006
7.972358184000001
7.972579890000006
7.972358184000001
7.9711005240000015
7.961197065999999
7.953684234000003
7.971241317999997
7.953684234000003
7.971241317999997
7.9711005240000015
7.971241317999997
7.9711005240000015
7.964313434000002
7.953684234000003
7.971241317999997
7.9711005240000015
7.971241317999997
7.9711005240000015
7.964313434000002
7.9711005240000015
7.964313434000002
7.946743396000001
7.971241317999997
7.9711005240000015
7.964313434000002
7.9711005240000015
7.964313434000002
7.946743396000001
7.964313434000002
7.946743396000001
7.958731772000001
7.971241317999997
7.971241317999997
7.971241317999997
7.971241317999997
7.971241317999997
7.961234666000003
7.971241317999997
7.961234666000003
7.916671526000004
7.960001182
7.955123468000005
7.971241317999997
7.955123472000005
7.971241317999997
7.964702596000003
7.971241317999997
7.952582908000001
7.951980284000001
7.970374601999998
7.924425050000008
7.971241317999997
7.924425050000008
7.971241317999997
7.913618024
7.971241317999997
7.913618024
7.891021290000002
7.949756174000004
7.938331083999999
7.971241323999996
7.938331083999999
7.971241317999997
7.942964213999998
7.952614601999999
7.942964213999998
7.891557575999998
7.904322542000003
7.947804534000003
7.887586498000002
7.919072043999997
7.971241323999996
7.945012757999999
7.949193822000002
7.922700386000005
7.922697262000009
7.913549590000005
7.869696218
7.950339848000003
7.905278125999998
7.971241323999996
7.917802811999997
7.971036106000002
7.880253876000006
7.922856892000001
7.971036106000002
7.971036106000002
7.971036106000002
7.971036106000002
7.971036106000002
7.971036106000002
7.971036106000002
7.971036106000002
7.971036106000002
7.971036106000002
7.971036106000002
7.971036106000002
7.971036106000002
7.971036106000002
7.967930048000004
7.971036106000002
7.967930048000004
7.971036106000002
7.940738673999994
7.956797003999994
7.935046376000001
7.956797003999994
7.935046376000001
7.971036106000002
7.935046376000001
7.971036106000002
7.937322969999996
7.956797003999994
7.935046376000001
7.971036106000002
7.935046376000001
7.971036106000002
7.937322969999996
7.971036106000002
7.937322969999996
7.9395106659999986
7.935046376000001
7.971036106000002
7.937322969999996
7.971036106000002
7.937322969999996
7.9395106659999986
7.937322969999996
7.9395106659999986
7.931928033999997
7.971036106000002
7.971036106000002
7.971036106000002
7.971036106000002
7.971036106000002
7.971036106000002
7.971036106000002
7.971036106000002
7.926745532000003
7.971036106000002
7.971036106000002
7.971036106000002
7.971036106000002
7.971036106000002
7.926745532000003
7.971036106000002
7.926745532000003
7.908942276000004
7.971036106000002
7.971036106000002
7.926745532000003
7.971036106000002
7.926745532000003
7.908942276000004
7.926745532000003
7.908942276000004
7.906863428000006
7.925312308000011
7.937382060000005
7.952302117999996
7.937382060000005
7.952302117999996
7.971036198000002
7.952302117999996
7.971036198000002
7.943923826000001
7.896424473999998
7.952301961999996
7.971036106000002
7.952301961999996
7.971036106000002
7.873569527999996
7.971036106000002
7.873569527999996
7.918957970000005
7.956292665999998
7.92344268799999
7.893451515999991
7.92344268799999
7.893451515999991
7.906437151999998
7.893451515999991
7.906437151999998
7.841146066000004
7.9321528740000025
7.918545252
7.938186100000002
7.920755636000005
7.971036198000002
7.929571028000003
7.955780457999999
7.949173956000006
7.924780286000001
7.971036198000002
7.971036198000002
7.971036198000002
7.971036198000002
7.971036198000002
7.971036198000002
7.971036198000002
7.971036198000002
7.971036198000002
7.971036198000002
7.971036198000002
7.971036198000002
7.971036198000002
7.971036198000002
7.971036198000002
7.971036198000002
7.971036198000002
7.971036198000002
7.971036198000002
7.971036198000002
7.971036198000002
7.971036198000002
7.971036198000002
7.971036198000002
7.971036198000002
7.971036198000002
7.971036198000002
7.986866253999998
7.951264753999998
7.934365972000003
7.951264753999998
7.934365972000003
7.971036198000002
7.934365972000003
7.971036198000002
7.9444052899999935
7.941266428000005
7.934365972000003
7.971036198000002
7.934365972000003
7.971036198000002
7.9444052899999935
7.971036198000002
7.9444052899999935
7.958000152000003
7.934365972000003
7.971036198000002
7.9444052899999935
7.971036198000002
7.9444052899999935
7.951967082
7.9444052899999935
7.951967082
7.958545710000006
7.896227858000005
7.9621955940000095
7.971036198000002
7.9621955940000095
7.971036198000002
7.971036198000002
7.971036198000002
7.971036198000002
7.906943354000008
7.9621955940000095
7.971036198000002
7.971036198000002
7.971036198000002
7.971036198000002
7.906943354000008
7.971036198000002
7.906943354000008
7.921313066000006
7.971036198000002
7.971036198000002
7.906943354000008
7.971036198000002
7.906943354000008
7.921313066000006
7.906943354000008
7.921313066000006
7.918913732000002
7.946965229999998
7.937074474000005
7.913946266000003
7.937074474000005
7.913946266000003
7.896227858000005
7.913946266000003
7.896227858000005
7.925568862000001
7.918264066000004
7.913946266000003
7.896227858000005
7.913946266000003
7.896227858000005
7.92556889
7.896227858000005
7.92556889
7.9555257200000025
7.913946266000003
7.896227858000005
7.940460846000004
7.896227858000005
7.940460846000004
7.9555257200000025
7.940460846000004
7.9555257200000025
7.9238529400000015
7.918188234000004
7.901774738000008
7.921930770000006
7.953108995999999
7.896227858000005
7.936140814000008
7.941789629999995
7.949343403999997
7.960971407999992
8.001896669999999
7.972767671999999
7.962644419999992
7.972767671999999
7.962644419999992
7.960971407999992
7.962644419999992
7.960971407999992
7.960665389999989
7.962644419999992
7.962644419999992
7.960971407999992
7.962644419999992
7.960971407999992
7.960665389999989
7.960971407999992
7.960665389999989
7.961566442000002
7.962644419999992
7.960971407999992
7.960665389999989
7.960971407999992
7.960665389999989
7.961566442000002
7.960665389999989
7.961566442000002
7.965296345999997
7.945863882000005
7.987098607999996
7.966273223999999
7.971157117999999
7.960665389999989
7.951151190000001
7.9862979720000045
7.958412813999999
7.955165943999999
7.987854664000001
7.983419105999999
7.981792034000001
7.983419105999999
7.981792034000001
7.960665389999989
7.981792034000001
7.960665389999989
7.949510502000004
7.983419105999999
7.981792034000001
7.960665389999989
7.981792034000001
7.960665389999989
7.949510502000004
7.960665389999989
7.949510502000004
7.972342506000002
7.981792034000001
7.960665389999989
7.984462366000003
7.960665389999989
7.984462366000003
7.972342506000002
7.984462366000003
7.972342506000002
7.974665458000006
7.971278446000002
7.961651827999995
7.980555698000004
7.961651827999995
7.980555698000004
7.9375540980000014
7.980555698000004
7.9375540980000014
7.958598539999996
7.960430709999997
7.980555698000004
7.960665389999989
7.980555698000004
7.960665389999989
7.958598539999996
7.960665389999989
7.958598539999996
7.899097304
7.976416339999997
7.960665389999989
7.958598539999996
7.960665389999989
7.958598539999996
7.937320364000002
7.958598539999996
7.937320364000002
7.9555397360000075
7.961371647999994
7.961477443999994
7.960665389999989
7.961477443999994
7.960665389999989
7.960665389999989
7.960665389999989
7.960665389999989
7.975072208000003
7.961477443999994
7.960665389999989
7.960665389999989
7.960665389999989
7.960665389999989
7.975072208000003
7.960665389999989
7.975072208000003
7.910981705999992
7.960665389999989
7.960665389999989
7.975072208000003
7.960665389999989
7.975072208000003
7.910981705999992
7.975072208000003
7.910981705999992
7.935844365999991
7.9536427799999885
7.958356133999997
7.960937877999992
7.958356133999997
7.960937877999992
7.961371647999994
7.960937877999992
7.961371647999994
7.9820575699999985
7.958356133999997
7.960937877999992
7.961371647999994
7.960937877999992
7.961371647999994
7.9820575699999985
7.961371647999994
7.9820575699999985
7.9541839399999965
7.960937877999992
7.961371647999994
7.9820575699999985
7.961371647999994
7.9820575699999985
7.9541839399999965
7.9820575699999985
7.9541839399999965
7.958252109999994
7.907383607999996
7.966369530000002
7.990937516000002
7.986711650000001
7.9820575699999985
7.927398335999991
7.945447054000001
7.959129678000004
7.941681499999998
7.970400459999993
7.972398725999995
7.965144711999997
7.972398725999995
7.965144711999997
7.9820575699999985
7.965144711999997
7.9820575699999985
7.979016180000002
7.972398725999995
7.965144711999997
7.9820575699999985
7.965144711999997
7.9820575699999985
7.979174050000007
7.9820575699999985
7.979174050000007
7.970472942000001
7.965144711999997
7.9820575699999985
7.979174050000007
7.9820575699999985
7.979174050000007
7.970472942000001
7.979174050000007
7.970472942000001
7.967657394
7.982333836
7.987218545999998
7.993078024000002
7.987218545999998
7.993078024000002
7.9723987279999955
7.993078024000002
7.9723987279999955
8.003803984000001
7.987218545999998
7.996894307999995
7.972398725999995
7.996894307999995
7.972398725999995
8.003803984000001
7.972398725999995
8.003803984000001
7.981627869999999
7.996894311999995
7.972398725999995
8.003803984000001
7.972398725999995
8.003803984000001
7.981627869999999
8.003803984000001
7.981627869999999
7.986511581999994
7.982316279999994
7.974887027999997
7.976391993999995
7.974887027999997
7.976391993999995
7.972398725999995
7.976391993999995
7.972398725999995
7.973151645999992
7.974887027999997
7.976391993999995
7.972398725999995
7.976391993999995
7.972398725999995
7.973151645999992
7.972398725999995
7.973151645999992
7.982316279999994
7.976391993999995
7.972398725999995
7.979672505999992
7.972398725999995
7.979672505999992
7.982316279999994
7.979672505999992
7.982316279999994
7.982316279999994
7.970029587999995
7.987636901999995
7.983347897999995
7.987636901999995
7.983347897999995
7.984692369999996
7.983347897999995
7.984692369999996
7.973821663999996
7.987636901999995
7.983347897999995
7.979672505999992
7.983347897999995
7.979672505999992
7.973821663999996
7.979672505999992
7.973821663999996
7.970575957999996
7.983347897999995
7.979672505999992
7.973821663999996
7.979672505999992
7.973821663999996
7.970575957999996
7.973821663999996
7.970575957999996
7.983452140000002
7.983347897999995
7.983347897999995
7.983347897999995
7.983347897999995
7.983347897999995
7.983347897999995
7.983347897999995
7.983347897999995
7.983347897999995
7.957090466000002
7.976106796000001
7.983347897999995
7.976106960000001
7.983347897999995
7.977337016000006
7.983347897999995
7.977337016000006
7.990770125999991
7.992623152000002
7.972736309999998
7.990770125999991
7.972463532
7.990770125999991
7.945415476
7.990770125999991
7.945415489999999
7.908722334000002
7.948744547999998
7.953853994000001
7.990770125999991
7.953853994000001
7.990770125999991
7.958719494
7.990770131999991
7.952481312000001
7.961126276000007
7.918098750000008
7.918606961999998
7.954940407999995
7.956670548
7.990770125999991
7.943664327999999
7.944461234000003
7.965876826
7.956974625999998
7.932124422000004
7.971408129999997
7.968555113999997
7.970180437999994
7.990770125999991
7.942484816000002
8.004617023999996
7.937172387999998
7.913458142
7.990770125999991
7.990770125999991
7.990770125999991
7.990770125999991
7.990770125999991
7.990770125999991
7.990770125999991
7.990770125999991
7.990770125999991
7.990770125999991
7.990770125999991
7.990770125999991
7.990770125999991
7.990770125999991
7.990770125999991
7.990770125999991
7.990770125999991
7.990770125999991
7.95270681
7.968666295999996
7.941631701999994
7.968666295999996
7.941631701999994
7.990770125999991
7.941631701999994
7.990770125999991
7.955764392000001
7.968666295999996
7.941631701999994
7.990770125999991
7.941631701999994
7.990770125999991
7.955764392000001
7.990770125999991
7.955764392000001
7.973483981999997
7.941631701999994
7.990770125999991
7.955764392000001
7.990770125999991
7.955764392000001
7.973483981999997
7.955764392000001
7.973483981999997
7.897052104000005
7.977698253999992
7.968453991999997
7.990770125999991
7.968453991999997
7.990770125999991
7.990770125999991
7.990770125999991
7.990770125999991
7.990770125999991
7.9746795899999965
7.990770125999991
7.990770125999991
7.990770125999991
7.990770125999991
7.990770125999991
7.990770125999991
7.990770125999991
7.990770125999991
7.990770125999991
7.990770125999991
7.990770125999991
7.990770125999991
7.990770125999991
7.990770125999991
7.990770125999991
7.990770125999991
7.990770125999991
7.971395002
7.965366691999999
7.937574794000004
7.965366691999999
7.937574794000004
7.9762865099999996
7.937574794000004
7.9762865099999996
7.946505454000005
7.980567647999994
7.954767922
7.990770125999991
7.954767922
7.990770125999991
7.9597675859999955
7.990770125999991
7.9597675859999955
7.981408580000008
7.959459662000004
7.980530213999997
7.968032719999997
7.980530213999997
7.968032719999997
7.981409510000006
7.968032719999997
7.981409510000006
7.961311973999998
7.9343769480000015
7.941570877999994
7.939495385999998
7.958665528000003
7.990770125999991
7.964958944000003
7.972047208000004
7.974346122000003
7.976452430000005
7.990770125999991
7.990770125999991
7.990770125999991
7.990770125999991
7.990770125999991
7.990770125999991
7.990770125999991
7.990770125999991
7.990770125999991
7.990770125999991
7.990770125999991
7.990770125999991
7.990770125999991
7.990770125999991
7.990770125999991
7.990770125999991
7.990770125999991
7.990770125999991
7.990770125999991
7.990770125999991
7.990770125999991
7.990770125999991
7.990770125999991
7.990770125999991
7.990770125999991
7.990770125999991
7.990770125999991
8.007997462
8.014379230000005
8.004221433999993
8.014379230000005
8.004221433999993
7.990770125999991
8.004221433999993
7.990770125999991
7.97222935199999
8.014379230000005
7.994692145999998
7.990770125999991
7.994692145999998
7.990770125999991
7.97222935199999
7.990770125999991
7.97222935199999
7.9715530179999945
7.994692145999998
7.990770125999991
7.97222935199999
7.990770125999991
7.97222935199999
7.9715530179999945
7.97222935199999
7.9715530179999945
7.985181816000009
7.9319313699999965
7.959919066000007
7.981906702
7.959919066000007
7.981906702
7.990770125999991
7.981906702
7.990770125999991
7.987866182000003
7.982599750000002
7.981906702
7.990770125999991
7.981906702
7.990770125999991
7.987866182000003
7.990770125999991
7.987866182000003
8.007193008000002
7.978658758
7.990770125999991
7.987866182000003
7.990770125999991
7.987866182000003
7.997161466
7.987866182000003
7.997161466
7.997161466
7.952660830000004
7.980051979999998
7.9754662020000024
7.980051979999998
7.9754662020000024
7.990770125999991
7.9754662020000024
7.990770125999991
7.961384440000009
7.980051979999998
7.9754662020000024
7.990770125999991
7.9754662020000024
7.990770125999991
7.961384440000009
7.990770125999991
7.961384440000009
7.953328063999996
7.9754662020000024
7.990770125999991
7.959959314000001
7.990770125999991
7.959959314000001
7.9564870399999945
7.959959314000001
7.9564870399999945
7.960059022000003
7.9085736680000025
7.9334123139999955
7.957042986000001
7.925197213999999
7.990770125999991
7.960926008000002
7.942715385999994
7.988745518000002
7.936677017999994
7.979051028000001
7.998895917999992
7.993351917999989
7.998895917999992
7.993351917999989
7.990770125999991
7.993351917999989
7.990770125999991
7.958852722000009
7.998895917999992
7.993351917999989
7.990770125999991
7.993351917999989
7.990770125999991
7.958852722000009
7.990770125999991
7.958852722000009
7.967802851999995
7.993351917999989
7.990770125999991
7.958852722000009
7.990770125999991
7.958852722000009
7.9712765379999935
7.958852722000009
7.9712765379999935
7.988782265999995
7.9723929240000055
7.993966573999997
7.982064179999997
7.975745162000005
7.990770125999991
7.942225891999991
8.002388422000001
7.949668399999997
7.980573923999999
7.979919708000002
7.979220316
7.984601349999996
7.979220316
7.984601349999996
7.990770125999991
7.984601349999996
7.990770125999991
7.962707552000001
7.979220316
7.984601349999996
7.990770125999991
7.984601349999996
7.990770125999991
7.962707552000001
7.990770125999991
7.962707552000001
7.986164746000003
7.984601349999996
7.990770125999991
7.962707552000001
7.990770125999991
7.962707552000001
7.986164746000003
7.962707552000001
7.986164746000003
7.98800268
7.955633866000006
7.984499316
7.970426219999999
7.984499316
7.970426219999999
7.949871798000006
7.970426219999999
7.949871798000006
7.954106641999997
7.965144161999995
7.970426219999999
7.990770125999991
7.970426219999999
7.990770125999991
7.954106641999997
7.990770125999991
7.954106641999997
7.928735048000005
7.965042463999997
7.990770125999991
7.954106641999997
7.990770125999991
7.954106641999997
7.927572594000004
7.954106641999997
7.927572594000004
7.926494252000008
7.986142922000007
7.983196049999997
7.990448055999993
7.983196049999997
7.990448055999993
7.9879577939999935
7.990448055999993
7.9879577939999935
7.987157943999993
7.9831959319999966
7.990448043999994
7.990770125999991
7.990448043999994
7.990770125999991
7.987157943999993
7.990770125999991
7.987157943999993
7.979010905999992
7.990448043999994
7.9907701199999925
7.987157943999993
7.9907701199999925
7.987157943999993
7.979010905999992
7.987157943999993
7.979010905999992
7.979010905999992
7.977184721999994
7.983320589999998
7.982129111999994
7.983320589999998
7.982129111999994
7.990448043999994
7.982129111999994
7.990448043999994
7.978918899999997
7.983320589999998
7.982129111999994
7.990448043999994
7.982129111999994
7.990448043999994
7.978918899999997
7.990448043999994
7.978918899999997
7.986987441999996
7.982129111999994
7.990448043999994
7.978918899999997
7.990448043999994
7.978918899999997
7.986987441999996
7.978918899999997
7.986987441999996
7.950961103999995
7.972791281999991
7.9569303999999965
7.994322702000007
7.987265926000001
7.986987441999996
7.957207403999994
7.944023354000002
7.965214700000008
7.961165048000002
7.989041465999998
7.983707468
7.979151245999995
7.983707468
7.979151245999995
7.959996881999998
7.979151245999995
7.959996881999998
7.975643345999994
7.983707468
7.979151245999995
7.986987441999996
7.979151245999995
7.986987441999996
7.975643345999994
7.986987441999996
7.975643345999994
7.97992702
7.979151245999995
7.986987441999996
7.975643345999994
7.986987441999996
7.975643345999994
7.97992702
7.975643345999994
7.97992702
7.9867534220000005
7.998315501999997
7.999283242000004
7.996911166000001
7.999283242000004
7.996911166000001
7.986987443999996
7.996911166000001
7.986987443999996
7.988532318000001
7.999283242000004
8.002260930000002
7.986987441999996
8.002260930000002
7.986987441999996
7.988532318000001
7.986987441999996
7.988532318000001
7.967196811999997
7.994819132000004
7.986987441999996
7.988532318000001
7.986987441999996
7.988532318000001
7.967196811999997
7.988532318000001
7.967196811999997
7.980569457999994
7.987613893999999
7.988907145999996
7.985503593999997
7.988907145999996
7.985503593999997
7.986987441999996
7.985503593999997
7.986987441999996
7.987481679999994
7.988907145999996
7.985503593999997
7.986987441999996
7.985503593999997
7.986987441999996
7.987481679999994
7.986987441999996
7.987481679999994
7.987481679999994
7.985503593999997
7.987481679999994
7.987481679999994
7.987481679999994
7.987481679999994
7.987481679999994
7.987481679999994
7.987481679999994
7.975797520000006
7.977699864000002
7.964063375999995
7.985078748
7.964063375999995
7.985078748
7.986987441999996
7.985078748
7.986987441999996
8.002146270000003
7.964063375999995
7.985078748
7.986987441999996
7.985078748
7.986987441999996
8.002146270000003
7.986987441999996
8.002146270000003
7.98386827
7.985078748
7.986987441999996
7.982487518
7.986987441999996
7.982487518
7.98386827
7.982487518
7.98386827
7.979931315999997
7.986987441999996
7.986987441999996
7.986987441999996
7.986987441999996
7.986987441999996
7.986987441999996
7.986987441999996
7.986987441999996
7.986987441999996
7.980998075999992
7.964935061999997
7.971715299999991
7.964935061999997
7.986987441999996
7.984622152000002
7.986987441999996
7.984622152000002
7.973343061999996
7.994968420000005
7.965657745999998
7.986987441999996
7.965657745999998
7.986987441999996
7.945294478000003
7.986987441999996
7.945294478000003
7.90160967
7.95292745399999
7.937960399999994
7.986987441999996
7.937960399999994
7.986987441999996
7.957406425999996
7.986987441999996
7.965550177999999
7.956253228000001
7.908289420000004
7.910217693999997
7.965669044000004
7.951185486000003
7.986987441999996
7.951229210000002
7.936127132000003
7.952065069999995
7.947631139999995
7.929113658000006
7.941314917999997
7.963181356000002
7.935946735999995
7.986987441999996
7.928730083999998
7.983954402000001
7.917968830000001
7.930709386000005
7.986987441999996
7.986987441999996
7.986987441999996
7.986987441999996
7.986987441999996
7.986987441999996
7.986987441999996
7.986987441999996
7.986987441999996
7.986987441999996
7.986987441999996
7.986987441999996
7.986987441999996
7.986987441999996
7.986987441999996
7.986987441999996
7.986987441999996
7.986987441999996
7.938756891999993
7.969918667999992
7.942411085999997
7.969918667999992
7.942411085999997
7.986987441999996
7.942411085999997
7.986987441999996
7.946895693999997
7.969918667999992
7.942411085999997
7.986987441999996
7.942411085999997
7.986987441999996
7.946895693999997
7.986987441999996
7.946895693999997
7.974723849999999
7.942411085999997
7.986987441999996
7.946895693999997
7.986987441999996
7.946895693999997
7.974723849999999
7.946895693999997
7.974723849999999
7.932257869999998
7.9835172999999955
7.976178591999997
7.981332739999996
7.976178591999997
7.981332739999996
7.986987441999996
7.981332739999996
7.986987441999996
7.986987441999996
7.976166503999998
7.981323861999996
7.986987441999996
7.981323861999996
7.986987441999996
7.986987441999996
7.986987441999996
7.986987441999996
7.986987441999996
7.9813179799999965
7.986987441999996
7.986987441999996
7.986987441999996
7.986987441999996
7.986987441999996
7.986987441999996
7.986987441999996
7.986987441999996
7.9520123800000055
7.9802057099999955
7.923920214000004
7.9802057099999955
7.923920214000004
7.970740728000001
7.923920214000004
7.970740728000001
7.951646892000002
7.980039857999999
7.954526573999998
7.986987441999996
7.954526573999998
7.986987441999996
7.966822113999997
7.986987441999996
7.966822113999997
7.9803106040000005
7.9665492680000005
7.978330009999996
7.961906701999997
7.978330009999996
7.961906701999997
7.980310270000003
7.961906701999997
7.980310270000003
7.945983376000001
7.928434867999995
7.943729021999998
7.925222885999994
7.953703016000002
7.986987441999996
7.9223760699999985
7.9719283180000025
7.98073341
7.970624770000007
7.986987441999996
7.986987441999996
7.986987441999996
7.986987441999996
7.986987441999996
7.986987441999996
7.986987441999996
7.986987441999996
7.986987441999996
7.986987441999996
7.986987441999996
7.986987441999996
7.986987441999996
7.986987441999996
7.986987441999996
7.986987441999996
7.986987441999996
7.986987441999996
7.986987441999996
7.986987441999996
7.986987441999996
7.986987441999996
7.986987441999996
7.986987441999996
7.986987441999996
7.986987441999996
7.986987441999996
8.014620392000007
8.002612048000003
8.003480927999998
8.002612048000003
8.003480927999998
7.986987441999996
8.003480927999998
7.986987441999996
7.973839084
8.003955806000002
8.003480927999998
7.986987441999996
8.003480927999998
7.986987441999996
7.973839084
7.986987441999996
7.973839084
7.970769123999996
7.989534471999994
7.986987441999996
7.973839084
7.986987441999996
7.973839084
7.970769123999996
7.973839084
7.970769123999996
7.976387960000002
7.961125729999999
7.960153272000003
7.9582043740000055
7.960153272000003
7.9582043740000055
7.986987293999997
7.9582043740000055
7.986987293999997
7.9837038960000015
7.960153272000003
7.989177984000001
7.986987441999996
7.989177984000001
7.986987441999996
7.9837038960000015
7.986987441999996
7.9837038960000015
7.979553861999999
7.989177984000001
7.983931725999996
7.9837038960000015
7.983931725999996
7.9837038960000015
8.000191300000004
7.9837038960000015
8.000191300000004
7.988976521999997
7.9536056319999915
7.978247423999997
7.9842870019999985
7.978247423999997
7.9842870019999985
7.986987293999997
7.9842870019999985
7.986987293999997
7.963280150000009
7.978247423999997
7.9842870019999985
7.986987293999997
7.9842870019999985
7.986987293999997
7.963280150000009
7.986987293999997
7.963280150000009
7.96051945999999
7.9842870019999985
7.986987293999997
7.963280150000009
7.986987293999997
7.963280150000009
7.960519509999992
7.963280150000009
7.960519509999992
7.938299859999999
7.911870811999995
