24103.386172116705
23873.660297846818
24655.701337301838
24281.53205781351
24110.078429220826
24352.162767915805
23956.5849007823
24922.626393493625
24754.5671267047
24222.395509359932
23883.009105324723
24148.634536784542
23883.009105324723
24148.634536784542
23873.660297846818
24148.634536784542
23873.660297846818
24241.404366022278
23883.009105324723
24148.634536784542
23873.660297846818
24148.634536784542
23873.660297846818
24241.404366022278
23873.660297846818
24241.404366022278
24478.79638025321
24148.634536784542
24145.331028891906
24241.404366022278
24145.331028891906
24241.404366022278
24478.79638025321
24241.404366022278
24478.79638025321
24018.196271336124
23978.344657611924
23968.707479733555
23966.951330458174
23968.707479733555
23966.951330458174
23873.660297846818
23966.951330458174
23873.660297846818
24199.425169021422
23968.707479733555
23966.951330458174
23873.660297846818
23966.951330458174
23873.660297846818
24199.425169021422
23873.660297846818
24199.425169021422
24278.065995603603
23967.059421363723
23873.660297846818
24199.425169021422
23873.660297846818
24199.425169021422
24278.065995603603
24199.425169021422
24278.065995603603
24455.86949144888
23873.660297846818
23873.660297846818
23873.660297846818
23873.660297846818
23873.660297846818
23873.660297846818
23873.660297846818
23873.660297846818
23873.660297846818
23873.660297846818
23873.660297846818
23873.660297846818
23873.660297846818
23873.660297846818
23873.660297846818
23873.660297846818
23873.660297846818
23868.489391271985
23873.660297846818
23873.660297846818
23873.660297846818
23873.660297846818
23873.660297846818
23868.489391271985
23873.660297846818
23868.489391271985
23866.426267565224
24287.99458824601
24047.374379107245
23862.567000331543
24047.374379107245
23862.567000331543
23866.426267565224
23862.567000331543
23866.426267565224
23915.544071317297
24047.374379107245
23862.567000331543
23866.426267565224
23862.567000331543
23866.426267565224
23915.544071317297
23866.426267565224
23915.544071317297
24249.90505974589
23862.567000331543
23866.426267565224
23915.544071317297
23866.426267565224
23915.544071317297
24249.90505974589
23915.544071317297
24249.90505974589
24102.814827134476
23862.567000331543
23862.567000331543
23862.567000331543
23862.567000331543
23862.567000331543
23901.838980268516
23862.567000331543
23901.838980268516
25083.776156122127
24336.353942369642
24260.050947996697
23862.567000331543
24260.05631988456
23862.567000331543
24047.548815416063
23862.567000331543
24013.273406880653
24175.259652418976
23935.16928594689
24534.674988274983
23862.567000331543
24534.674988274983
23862.567000331543
24744.12889665004
23862.567000331543
24744.12889665004
25158.3790650197
24429.136496284274
24475.28862246155
23862.565056493004
24475.28862246155
23862.567000331543
24514.130470083695
23876.5344192085
24514.130470083695
25030.538704665873
25330.10342355591
24800.450980655536
24306.797634267492
24818.143000127195
23862.565056493004
24471.22487128571
24487.126075319433
24760.213513943174
24713.888217929474
24679.70250767094
25420.618239442803
24219.114164249964
25129.718667458405
23862.565056493004
24741.93416176673
23860.858810587164
24718.101557567472
25002.7209930116
23860.858810587164
23860.858810587164
23860.858810587164
23860.858810587164
23860.858810587164
23860.858810587164
23860.858810587164
23860.858810587164
23860.858810587164
23860.858810587164
23860.858810587164
23860.858810587164
23860.858810587164
23860.858810587164
23885.84397958348
23860.858810587164
23885.84397958348
23860.858810587164
24318.981751860272
24226.9344479499
24252.64885126919
24226.9344479499
24252.64885126919
23860.858810587164
24252.64885126919
23860.858810587164
24411.64210749837
24226.9344479499
24252.64885126919
23860.858810587164
24252.64885126919
23860.858810587164
24411.64210749837
23860.858810587164
24411.64210749837
24869.578334175458
24252.64885126919
23860.858810587164
24411.64210749837
23860.858810587164
24411.64210749837
24869.578334175458
24411.64210749837
24869.578334175458
24363.25071956666
23860.858810587164
23860.858810587164
23860.858810587164
23860.858810587164
23860.858810587164
23860.858810587164
23860.858810587164
23860.858810587164
24809.04117278977
23860.858810587164
23860.858810587164
23860.858810587164
23860.858810587164
23860.858810587164
24809.04117278977
23860.858810587164
24809.04117278977
25299.915326210772
23860.858810587164
23860.858810587164
24809.04117278977
23860.858810587164
24809.04117278977
25299.915326210772
24809.04117278977
25299.915326210772
24279.13765705128
24937.585729701957
24384.419686012945
24500.777582615825
24384.419686012945
24500.777582615825
23860.85796743125
24500.777582615825
23860.85796743125
24354.796225808288
24256.097704216718
24500.74166969642
23860.858810587164
24500.74166969642
23860.858810587164
24659.835768556044
23860.858810587164
24659.835768556044
24818.80586133274
24498.23878335749
24077.97561872737
24026.443406669838
24077.97561872737
24026.443406669838
25295.797247159728
24026.443406669838
25295.797247159728
24762.636764102997
24376.405735241475
25148.30383752695
24401.84689167191
24285.181163496167
23860.85796743125
24146.615818542243
24490.84755954559
23953.027632619873
24228.847314763356
23860.85796743125
23860.85796743125
23860.85796743125
23860.85796743125
23860.85796743125
23860.85796743125
23860.85796743125
23860.85796743125
23860.85796743125
23860.85796743125
23860.85796743125
23860.85796743125
23860.85796743125
23860.85796743125
23860.85796743125
23860.85796743125
23860.85796743125
23860.85796743125
23860.85796743125
23860.85796743125
23860.85796743125
23860.85796743125
23860.85796743125
23860.85796743125
23860.85796743125
23860.85796743125
23860.85796743125
23893.384450726273
24497.852720202205
24405.335050115584
24497.852720202205
24405.335050115584
23860.85796743125
24405.335050115584
23860.85796743125
24095.54551960868
24538.77312791946
24405.335050115584
23860.85796743125
24405.335050115584
23860.85796743125
24095.54551960868
23860.85796743125
24095.54551960868
24362.26216112643
24405.335050115584
23860.85796743125
24095.54551960868
23860.85796743125
24095.54551960868
24905.190830517553
24095.54551960868
24905.190830517553
24548.13692627533
23769.463256691593
23970.4424506689
23860.85796743125
23970.4424506689
23860.85796743125
23860.85796743125
23860.85796743125
23860.85796743125
25514.202844284548
23970.4424506689
23860.85796743125
23860.85796743125
23860.85796743125
23860.85796743125
25514.202844284548
23860.85796743125
25514.202844284548
24803.211745014807
23860.85796743125
23860.85796743125
25514.202844284548
23860.85796743125
25514.202844284548
24803.211745014807
25514.202844284548
24803.211745014807
25373.129888295967
24118.25491480333
24444.156218459622
25064.840229155998
24444.156218459622
25064.840229155998
23769.463256691593
25064.840229155998
23769.463256691593
24682.956138911864
25084.279954137026
25064.840229155998
23769.463256691593
25064.840229155998
23769.463256691593
24682.976242822355
23769.463256691593
24682.976242822355
24295.210523485868
25064.840229155998
23769.463256691593
25055.777690369596
23769.463256691593
25055.777690369596
24295.210523485868
25055.777690369596
24295.210523485868
25042.0091819159
25556.06609263349
25827.542903154063
25034.796623871214
24058.351881581308
23769.463256691593
24387.552590628282
24777.508408310026
24205.097963448905
23746.07213575271
23888.062914381793
24246.192994234167
23731.678141392804
24246.192994234167
23731.678141392804
23746.07213575271
23731.678141392804
23746.07213575271
23450.158810730496
23731.678141392804
23731.678141392804
23746.07213575271
23731.678141392804
23746.07213575271
23450.158810730496
23746.07213575271
23450.158810730496
24057.110973237504
23731.678141392804
23746.07213575271
23450.158810730496
23746.07213575271
23450.158810730496
24057.110973237504
23450.158810730496
24057.110973237504
23832.769364566364
24461.800025582
24141.988554792802
24155.607926288663
24001.3570984056
23450.158810730496
24098.03505143824
23575.177505655844
24253.336043227227
24004.519648411944
23600.983518570796
23798.380184968224
23491.599164150717
23798.380184968224
23491.599164150717
23450.158810730496
23491.599164150717
23450.158810730496
23898.466924248416
23798.380184968224
23491.599164150717
23450.158810730496
23491.599164150717
23450.158810730496
23898.466924248416
23450.158810730496
23898.466924248416
23841.586096547013
23491.599164150717
23450.158810730496
23773.002648355454
23450.158810730496
23773.002648355454
23841.586096547013
23773.002648355454
23841.586096547013
23829.020294701422
24014.856221920814
23779.58110888748
24171.210521987352
23779.58110888748
24171.210521987352
24697.46932762365
24171.210521987352
24697.46932762365
24074.20991172058
23753.61212314006
24171.210521987352
23450.158810730496
24171.210521987352
23450.158810730496
24074.20991172058
23450.158810730496
24074.20991172058
25800.783417906576
23722.801295591617
23450.158810730496
24074.20991172058
23450.158810730496
24074.20991172058
24768.72321281297
24074.20991172058
24768.72321281297
24374.28386970409
23446.618675562997
23455.586338861085
23450.158810730496
23455.586338861085
23450.158810730496
23450.158810730496
23450.158810730496
23450.158810730496
24151.01470982491
23455.586338861085
23450.158810730496
23450.158810730496
23450.158810730496
23450.158810730496
24151.01470982491
23450.158810730496
24151.01470982491
24329.192655957697
23450.158810730496
23450.158810730496
24151.01470982491
23450.158810730496
24151.01470982491
24329.192655957697
24151.01470982491
24329.192655957697
24088.1492202836
23468.462934419495
23512.868722727242
23446.7822562065
23512.868722727242
23446.7822562065
23446.618675562997
23446.7822562065
23446.618675562997
23164.065282145297
23512.868722727242
23446.7822562065
23446.618675562997
23446.7822562065
23446.618675562997
23164.065282145297
23446.618675562997
23164.065282145297
23439.31729162422
23446.7822562065
23446.618675562997
23164.065282145297
23446.618675562997
23164.065282145297
23439.31729162422
23164.065282145297
23439.31729162422
23451.29730623522
25110.436279986992
24113.439705731664
23949.3781713161
23985.331950830674
23164.065282145297
24843.198078778933
24536.397101195784
23659.997206260614
24396.499325275894
23276.880920293977
23145.582744622247
23265.57263954371
23145.582744622247
23265.57263954371
23164.065282145297
23265.57263954371
23164.065282145297
23774.867897244818
23145.582744622247
23265.57263954371
23164.065282145297
23265.57263954371
23164.065282145297
23783.803430671003
23164.065282145297
23783.803430671003
24443.86798219052
23265.57263954371
23164.065282145297
23783.803430671003
23164.065282145297
23783.803430671003
24443.86798219052
23783.803430671003
24443.86798219052
24034.05387912717
23593.964457495877
23597.37751738116
23533.67776216115
23597.37751738116
23533.67776216115
23145.592493385477
23533.67776216115
23145.592493385477
23901.77617038712
23597.37751738116
23539.47598577643
23145.582744622247
23539.47598577643
23145.582744622247
23901.77617038712
23145.582744622247
23901.77617038712
23407.118272697797
23539.475855874152
23145.582744622247
23901.77617038712
23145.582744622247
23901.77617038712
23407.118272697797
23901.77617038712
23407.118272697797
23403.62927621857
23119.322991828267
23147.599952434604
23147.00756401023
23147.599952434604
23147.00756401023
23145.582744622247
23147.00756401023
23145.582744622247
23157.553122132904
23147.599952434604
23147.00756401023
23145.582744622247
23147.00756401023
23145.582744622247
23157.553122132904
23145.582744622247
23157.553122132904
23119.322991828267
23147.00756401023
23145.582744622247
23113.20364702163
23145.582744622247
23113.20364702163
23119.322991828267
23113.20364702163
23119.322991828267
23119.322991828267
23241.35513058808
23120.26705234411
23083.233180621013
23120.26705234411
23083.233180621013
23284.144832650025
23083.233180621013
23284.144832650025
23156.094193112018
23120.26705234411
23083.233180621013
23113.20364702163
23083.233180621013
23113.20364702163
23156.094193112018
23113.20364702163
23156.094193112018
23154.23976469494
23083.233180621013
23113.20364702163
23156.094193112018
23113.20364702163
23156.094193112018
23154.23976469494
23156.094193112018
23154.23976469494
23720.0924356539
23083.233180621013
23083.233180621013
23083.233180621013
23083.233180621013
23083.233180621013
23083.233180621013
23083.233180621013
23083.233180621013
23083.233180621013
23809.355894541677
23730.502393634106
23083.233180621013
23730.667394519212
23083.233180621013
23341.182319900334
23083.233180621013
23341.182319900334
23062.24108840189
23635.77265432899
23963.047943584985
23062.24108840189
23946.149507265123
23062.24108840189
23757.2832766437
23062.24108840189
23757.298264920566
24946.555039578103
24229.918385710407
23955.70567234938
23062.24108840189
23955.70567234938
23062.24108840189
23747.089207626137
23062.24461232387
24148.814442897594
23772.611800954008
24856.423538295705
24605.294834733024
24466.9966686767
24444.788908202805
23062.24108840189
24757.52289153192
24396.908259053773
23935.4630152547
24084.95135845616
24836.30935622947
24244.160301254313
23359.31050344899
24000.481499033376
23062.24108840189
24598.950808142505
23134.068445545883
24708.975779320182
25059.292029315933
23062.24108840189
23062.24108840189
23062.24108840189
23062.24108840189
23062.24108840189
23062.24108840189
23062.24108840189
23062.24108840189
23062.24108840189
23062.24108840189
23062.24108840189
23062.24108840189
23062.24108840189
23062.24108840189
23062.24108840189
23062.24108840189
23062.24108840189
23062.24108840189
24414.87441173627
24107.527032740476
23861.23138354583
24107.527032740476
23861.23138354583
23062.24108840189
23861.23138354583
23062.24108840189
24337.68931703399
24107.527032740476
23861.23138354583
23062.24108840189
23861.23138354583
23062.24108840189
24337.68931703399
23062.24108840189
24337.68931703399
24290.106759283066
23861.23138354583
23062.24108840189
24337.68931703399
23062.24108840189
24337.68931703399
24290.106759283066
24337.68931703399
24290.106759283066
23792.721573935483
23211.78477190664
23265.914746309725
23062.24108840189
23265.914746309725
23062.24108840189
23062.24108840189
23062.24108840189
23062.24108840189
23062.24108840189
23215.364903403457
23062.24108840189
23062.24108840189
23062.24108840189
23062.24108840189
23062.24108840189
23062.24108840189
23062.24108840189
23062.24108840189
23062.24108840189
23062.24108840189
23062.24108840189
23062.24108840189
23062.24108840189
23062.24108840189
23062.24108840189
23062.24108840189
23062.24108840189
23892.777755128882
24201.50111529951
24251.773716797783
24201.50111529951
24251.773716797783
23227.3607310849
24251.773716797783
23227.3607310849
24496.928279528835
23710.159808837536
23849.361670008897
23062.24108840189
23849.361670008897
23062.24108840189
24008.79738892047
23062.24108840189
24008.79738892047
23995.692447938618
24017.41340707577
24241.347204510643
24379.147967087618
24241.347204510643
24379.147967087618
23995.57390036073
24379.147967087618
23995.57390036073
24111.348900249515
24948.340681563615
24631.537117596294
24504.57864664991
23991.304733638968
23062.24108840189
24568.808992255763
23758.426110525572
24195.002424133487
23765.68297908311
23062.24108840189
23062.24108840189
23062.24108840189
23062.24108840189
23062.24108840189
23062.24108840189
23062.24108840189
23062.24108840189
23062.24108840189
23062.24108840189
23062.24108840189
23062.24108840189
23062.24108840189
23062.24108840189
23062.24108840189
23062.24108840189
23062.24108840189
23062.24108840189
23062.24108840189
23062.24108840189
23062.24108840189
23062.24108840189
23062.24108840189
23062.24108840189
23062.24108840189
23062.24108840189
23062.24108840189
23628.665168757536
23810.318962515186
23774.674791002988
23810.318962515186
23774.674791002988
23062.24108840189
23774.674791002988
23062.24108840189
24211.48592820311
23810.318962515186
23959.47356801494
23062.24108840189
23959.47356801494
23062.24108840189
24211.48592820311
23062.24108840189
24211.48592820311
24447.96720919495
23959.47356801494
23062.24108840189
24211.48592820311
23062.24108840189
24211.48592820311
24447.96720919495
24211.48592820311
24447.96720919495
24361.600612475388
24789.24662053584
24222.16108398255
23813.932770510084
24222.16108398255
23813.932770510084
23062.24108840189
23813.932770510084
23062.24108840189
23133.867854599164
23997.513821865832
23813.932770510084
23062.24108840189
23813.932770510084
23062.24108840189
23133.867854599164
23062.24108840189
23133.867854599164
23732.95552332018
23895.064861511393
23062.24108840189
23133.867854599164
23062.24108840189
23133.867854599164
23707.39019427329
23133.867854599164
23707.39019427329
23707.39019427329
24756.926977255498
23874.394400927486
23567.040831214857
23874.394400927486
23567.040831214857
23062.24108840189
23567.040831214857
23062.24108840189
24056.292464827926
23874.394400927486
23567.040831214857
23062.24108840189
23567.040831214857
23062.24108840189
24056.292464827926
23062.24108840189
24056.292464827926
24330.834695937778
23567.040831214857
23062.24108840189
24116.41700015622
23062.24108840189
24116.41700015622
24325.225733642277
24116.41700015622
24325.225733642277
24277.21281132721
23924.693761956223
24647.947288560095
24246.65981195211
24488.55114853599
23062.24108840189
24291.461670644243
24098.50115056455
23956.26384648853
24911.822524589214
24436.887661336274
23623.811044179598
23644.2466104037
23623.811044179598
23644.2466104037
23062.24108840189
23644.2466104037
23062.24108840189
24146.375603345645
23623.811044179598
23644.2466104037
23062.24108840189
23644.2466104037
23062.24108840189
24146.375603345645
23062.24108840189
24146.375603345645
24161.104499540466
23644.2466104037
23062.24108840189
24146.375603345645
23062.24108840189
24146.375603345645
24172.708238831612
24146.375603345645
24172.708238831612
23789.998001464108
24055.986577337088
24274.0357273403
24100.318009862327
23797.796233535177
23062.24108840189
24427.072458300252
23555.647038305608
24236.10080226733
23756.78992762555
23795.87865922917
23753.64102177287
23434.866763489812
23753.64102177287
23434.866763489812
23062.24108840189
23434.866763489812
23062.24108840189
23644.99064750922
23753.64102177287
23434.866763489812
23062.24108840189
23434.866763489812
23062.24108840189
23644.99064750922
23062.24108840189
23644.99064750922
23467.084776847754
23434.866763489812
23062.24108840189
23644.99064750922
23062.24108840189
23644.99064750922
23467.084776847754
23644.99064750922
23467.084776847754
23529.28398049098
24157.652156071345
23527.66267553732
24107.584323301868
23527.66267553732
24107.584323301868
23951.318958338845
24107.584323301868
23951.318958338845
23954.643177965754
23712.586008942937
24107.584323301868
23062.24108840189
24107.584323301868
23062.24108840189
23954.643177965754
23062.24108840189
23954.643177965754
24995.665390590584
23891.508779406402
23062.24108840189
23954.643177965754
23062.24108840189
23954.643177965754
24996.62181827478
23954.643177965754
24996.62181827478
24513.495924304432
23663.95705902238
23095.703752563622
23055.448858327272
23095.703752563622
23055.448858327272
23112.67067336385
23055.448858327272
23112.67067336385
23091.054215185155
23095.671638008844
23055.44524145863
23062.24108840189
23055.44524145863
23062.24108840189
23091.054215185155
23062.24108840189
23091.054215185155
23111.145561528498
23055.44524145863
23062.18667011859
23091.054215185155
23062.18667011859
23091.054215185155
23111.145561528498
23091.054215185155
23111.145561528498
23111.145561528498
23260.860108241308
23238.11493421445
23231.827770155025
23238.11493421445
23231.827770155025
23055.44524145863
23231.827770155025
23055.44524145863
23218.29699313203
23238.11493421445
23231.827770155025
23055.44524145863
23231.827770155025
23055.44524145863
23218.29699313203
23055.44524145863
23218.29699313203
22886.58140931752
23231.827770155025
23055.44524145863
23218.29699313203
23055.44524145863
23218.29699313203
22886.58140931752
23218.29699313203
22886.58140931752
23390.10117137242
24150.419642275254
24113.613270279107
23819.07537162049
23833.909642995113
22886.58140931752
24511.85949646479
24387.36980485344
23869.720376537272
23916.623714510955
23162.622938791406
23120.508898854125
23316.4164337691
23120.508898854125
23316.4164337691
23264.105751186675
23316.4164337691
23264.105751186675
23165.324230294755
23120.508898854125
23316.4164337691
22886.58140931752
23316.4164337691
22886.58140931752
23165.324230294755
22886.58140931752
23165.324230294755
23118.30488886693
23316.4164337691
22886.58140931752
23165.324230294755
22886.58140931752
23165.324230294755
23118.30488886693
23165.324230294755
23118.30488886693
23891.930364562348
23578.20550352907
23578.154858226568
23603.656881652365
23578.154858226568
23603.656881652365
22886.58357585601
23603.656881652365
22886.58357585601
23729.724336274303
23578.154858226568
23556.95809586081
22886.58140931752
23556.95809586081
22886.58140931752
23729.724336274303
22886.58140931752
23729.724336274303
23568.5521665465
23578.206819667754
22886.58140931752
23729.724336274303
22886.58140931752
23729.724336274303
23568.5521665465
23729.724336274303
23568.5521665465
23291.671755111834
22894.457039934176
22905.30609398794
22921.119740667444
22905.30609398794
22921.119740667444
22886.58140931752
22921.119740667444
22886.58140931752
22896.95758490033
22905.30609398794
22921.119740667444
22886.58140931752
22921.119740667444
22886.58140931752
22896.95758490033
22886.58140931752
22896.95758490033
22896.95758490033
22921.119740667444
22896.95872975443
22896.95758490033
22896.95872975443
22896.95758490033
22896.95758490033
22896.95758490033
22896.95758490033
23261.341082511102
23921.324856110055
23236.026206896277
23302.738369187507
23236.026206896277
23302.738369187507
22886.58140931752
23302.738369187507
22886.58140931752
23248.249158606355
23236.026206896277
23302.738369187507
22886.58140931752
23302.738369187507
22886.58140931752
23248.249158606355
22886.58140931752
23248.249158606355
23280.52928198012
23302.738369187507
22886.58140931752
23285.690485836316
22886.58140931752
23285.690485836316
23280.52928198012
23285.690485836316
23280.52928198012
23274.914586704173
22886.58140931752
22886.58140931752
22886.58140931752
22886.58140931752
22886.58140931752
22886.58140931752
22886.58140931752
22886.58140931752
22886.58140931752
23143.600017648023
23242.367494430193
23143.812675994406
23242.367494430193
22886.58140931752
23295.64780179333
22886.58140931752
23295.64780179333
23391.431633221157
23580.466190885883
23974.976444237825
22886.58140931752
23974.976455343323
22886.58140931752
23789.083271742704
22886.58140931752
23789.083271742704
25162.537171004133
24244.918628531006
24599.491946392005
22886.58140931752
24599.491946392005
22886.58140931752
23996.732086853113
22886.58140931752
23417.35896149285
24045.683933344775
24949.974432579376
24709.44341891846
24272.92549263957
24382.40333678657
22886.58140931752
24434.413700331388
24442.074031666853
24389.125314815836
24172.208662492918
24788.916380465344
24750.354163874847
23600.035040727034
24623.35015734064
22886.58140931752
24824.110800506416
23075.59900432711
24915.971102873966
25020.452895492104
22886.58140931752
22886.58140931752
22886.58140931752
22886.58140931752
22886.58140931752
22886.58140931752
22886.58140931752
22886.58140931752
22886.58140931752
22886.58140931752
22886.58140931752
22886.58140931752
22886.58140931752
22886.58140931752
22886.58140931752
22886.58140931752
22886.58140931752
22886.58140931752
24434.801127943916
23930.44110807563
23924.928853890367
23930.44110807563
23924.928853890367
22886.58140931752
23924.928853890367
22886.58140931752
24413.07121997947
23930.44110807563
23924.928853890367
22886.58140931752
23924.928853890367
22886.58140931752
24413.07121997947
22886.58140931752
24413.07121997947
24358.48556946959
23924.928853890367
22886.58140931752
24413.07121997947
22886.58140931752
24413.07121997947
24358.48556946959
24413.07121997947
24358.48556946959
24156.95751019397
24111.939867578567
23010.84448674039
22947.873695671453
23010.84448674039
22947.873695671453
22886.58140931752
22947.873695671453
22886.58140931752
22886.58140931752
23006.0131619409
22948.28635418308
22886.58140931752
22948.28635418308
22886.58140931752
22886.58140931752
22886.58140931752
22886.58140931752
22886.58140931752
22948.332645492563
22886.58140931752
22886.58140931752
22886.58140931752
22886.58140931752
22886.58140931752
22886.58140931752
22886.58140931752
22886.58140931752
24365.942125753583
24125.04892469768
24292.599919712175
24125.04892469768
24292.599919712175
23023.31435854843
24292.599919712175
23023.31435854843
24240.740753821745
23553.952641515578
23962.19872354129
22886.58140931752
23962.19872354129
22886.58140931752
23897.81093942965
22886.58140931752
23897.81093942965
23960.18551790606
23848.82967190799
24287.891331152747
24378.8375359126
24287.891331152747
24378.8375359126
23960.05562147629
24378.8375359126
23960.05562147629
23901.09150218868
24931.702410524507
24675.862565287604
24682.194528860313
24055.83416027444
22886.58140931752
24661.08627851409
23768.504540585815
23808.64110983105
24131.376584420035
22886.58140931752
22886.58140931752
22886.58140931752
22886.58140931752
22886.58140931752
22886.58140931752
22886.58140931752
22886.58140931752
22886.58140931752
22886.58140931752
22886.58140931752
22886.58140931752
22886.58140931752
22886.58140931752
22886.58140931752
22886.58140931752
22886.58140931752
22886.58140931752
22886.58140931752
22886.58140931752
22886.58140931752
22886.58140931752
22886.58140931752
22886.58140931752
22886.58140931752
22886.58140931752
22886.58140931752
23392.557488392587
23376.186898135722
23647.020720717755
23376.186898135722
23647.020720717755
22886.58140931752
23647.020720717755
22886.58140931752
24275.858490909588
23710.888076146006
23647.020720717755
22886.58140931752
23647.020720717755
22886.58140931752
24275.858490909588
22886.58140931752
24275.858490909588
24547.917796550322
23954.520356248526
22886.58140931752
24275.858490909588
22886.58140931752
24275.858490909588
24547.917796550322
24275.858490909588
24547.917796550322
24334.885924068418
24444.38642063276
24235.635566743877
23814.979718758106
24235.635566743877
23814.979718758106
22886.475403190296
23814.979718758106
22886.475403190296
23166.848655802354
24235.635566743877
23700.236959646143
22886.58140931752
23700.236959646143
22886.58140931752
23166.848655802354
22886.58140931752
23166.848655802354
23733.14172233685
23700.236959646143
22961.442403713627
23166.848655802354
22961.442403713627
23166.848655802354
23701.17443326776
23166.848655802354
23701.17443326776
23526.97131884327
24441.274429670582
24209.313246997845
23462.4792492847
24209.313246997845
23462.4792492847
22886.475403190296
23462.4792492847
22886.475403190296
23846.88720644309
24209.313246997845
23462.4792492847
22886.475403190296
23462.4792492847
22886.475403190296
23846.88720644309
22886.475403190296
23846.88720644309
24120.79570243044
23462.4792492847
22886.475403190296
23846.88720644309
22886.475403190296
23846.88720644309
24120.823174704754
23846.88720644309
24120.823174704754
24546.49590575583
23861.32880962594
